3.703842163085937500e-01 -1.053977012634277344e-02 -2.629699707031250000e-01 -5.400619506835937500e-01 -9.599975585937500000e+00 -5.734935402870178223e-04 -9.601020812988281250e-02 -2.327531576156616211e-03 3.818012773990631104e-04 -5.755782127380371094e-03 9.823322296142578125e-03 -7.619667053222656250e-02 2.214729785919189453e-03 1.824706792831420898e-03 4.348814487457275391e-03 -1.461708545684814453e-02 1.444071531295776367e-04 -1.834016293287277222e-04 -1.178276538848876953e-02 -2.982795238494873047e-03 -2.001070976257324219e-02
7.113218307495117188e-03 8.871337890625000000e+00 1.293411254882812500e+00 1.109512329101562500e+00 8.933944702148437500e-01 -1.637005805969238281e-02 8.934736251831054688e-03 2.491116523742675781e-03 1.126170158386230469e-02 -4.630446434020996094e-03 -8.231401443481445312e-03 4.426598548889160156e-03 -8.538913726806640625e-02 9.643211960792541504e-04 -9.608641266822814941e-04 7.116317749023437500e-03 -1.005470752716064453e-03 -7.224142551422119141e-03 1.413494348526000977e-03 -2.063900232315063477e-03 6.707012653350830078e-03
-2.611579895019531250e-01 1.301620483398437500e+00 1.402460937500000000e+02 5.252294921875000000e+01 8.828613281250000000e+00 2.506469726562500000e+00 8.828449249267578125e-02 -2.163925170898437500e-01 -2.334475517272949219e-02 -8.623027801513671875e-02 -8.537197113037109375e-02 6.831645965576171875e-02 5.388319492340087891e-03 -4.416656494140625000e-01 -1.112613677978515625e-01 -6.176769733428955078e-03 1.845550537109375000e-02 -1.054871082305908203e-02 4.690504074096679688e-02 8.198547363281250000e-02 9.911727905273437500e-02
-5.384521484375000000e-01 1.135314941406250000e+00 5.276123046875000000e+01 1.679531250000000000e+02 1.802587890625000000e+01 -2.458160400390625000e+00 1.802558898925781250e-01 3.298454284667968750e-01 -5.442094802856445312e-02 -7.837104797363281250e-02 -1.746139526367187500e-01 1.445121765136718750e-01 -7.311761379241943359e-03 -1.018495559692382812e-01 -6.740570068359375000e-01 -4.191017150878906250e-02 -9.399652481079101562e-03 5.127239227294921875e-02 7.335376739501953125e-02 8.930969238281250000e-02 1.875648498535156250e-01
-9.598510742187500000e+00 3.365295410156250000e+00 8.865356445312500000e+00 1.884790039062500000e+01 8.812265625000000000e+02 -2.149887084960937500e-01 8.824584960937500000e+00 1.646385192871093750e-01 7.822155952453613281e-03 5.057296752929687500e-01 -8.620910644531250000e-01 6.942077636718750000e+00 -1.960124969482421875e-01 -2.038860321044921875e-01 -4.259147644042968750e-01 1.338043212890625000e+00 2.355933189392089844e-03 2.839112281799316406e-02 1.052154541015625000e+00 2.800941467285156250e-01 1.790206909179687500e+00
-5.898848176002502441e-04 -1.660394668579101562e-02 2.503967285156250000e+00 -2.460113525390625000e+00 -2.149887084960937500e-01 9.999465942382812500e-01 -2.149879932403564453e-03 -7.823276519775390625e-02 3.579109907150268555e-03 1.922652125358581543e-03 4.517495632171630859e-03 -1.895040273666381836e-03 3.203488886356353760e-04 -4.694104194641113281e-03 7.999539375305175781e-03 1.582428812980651855e-03 -5.085468292236328125e-04 -1.318410038948059082e-03 -1.875594258308410645e-03 -1.859202980995178223e-03 -4.219830036163330078e-03
-9.598064422607421875e-02 3.365468978881835938e-02 8.864974975585937500e-02 1.884708404541015625e-01 8.824584960937500000e+00 -2.149879932403564453e-03 8.824539184570312500e-02 1.646116375923156738e-03 7.837824523448944092e-05 5.059123039245605469e-03 -8.620619773864746094e-03 6.942844390869140625e-02 -1.960039138793945312e-03 -2.039045095443725586e-03 -4.259288311004638672e-03 1.338112354278564453e-02 2.354010939598083496e-05 2.838522195816040039e-04 1.052236557006835938e-02 2.800971269607543945e-03 1.790285110473632812e-02
-2.322942018508911133e-03 2.116918563842773438e-03 -2.156677246093750000e-01 3.326950073242187500e-01 1.645965576171875000e-01 -7.823276519775390625e-02 1.645833253860473633e-03 6.943511962890625000e-02 -2.038031816482543945e-03 -2.039015293121337891e-03 -4.260540008544921875e-03 8.628144860267639160e-04 6.218440830707550049e-05 4.986226558685302734e-03 -6.956100463867187500e-03 -9.933263063430786133e-04 -6.021652370691299438e-05 9.427145123481750488e-04 1.520678400993347168e-03 1.442700624465942383e-03 3.547191619873046875e-03
4.044920206069946289e-04 1.145470142364501953e-02 -2.345132827758789062e-02 -5.465364456176757812e-02 5.162656307220458984e-03 3.579109907150268555e-03 5.190027877688407898e-05 -9.718760848045349121e-04 1.336634159088134766e-02 6.691610906273126602e-06 2.654194831848144531e-04 2.831709571182727814e-05 -9.764879941940307617e-04 2.215802669525146484e-05 8.425116539001464844e-04 3.719516098499298096e-04 1.946657896041870117e-03 -1.519441604614257812e-03 -2.721813507378101349e-05 1.691002398729324341e-04 1.472085714340209961e-04
-5.764603614807128906e-03 -3.137409687042236328e-03 -8.638381958007812500e-02 -7.633686065673828125e-02 5.064926147460937500e-01 1.922652125358581543e-03 5.066812038421630859e-03 -2.034991979598999023e-03 2.335663884878158569e-05 1.052021980285644531e-02 2.784907817840576172e-03 4.993379116058349609e-03 -4.969909787178039551e-05 1.519173383712768555e-03 1.440510153770446777e-03 1.954823732376098633e-03 -4.134932532906532288e-05 1.560188829898834229e-04 7.643997669219970703e-04 -1.899391412734985352e-03 -1.879468560218811035e-03
9.806990623474121094e-03 -1.018691062927246094e-02 -8.572483062744140625e-02 -1.746578216552734375e-01 -8.581542968750000000e-01 4.517495632171630859e-03 -8.581042289733886719e-03 -4.227578639984130859e-03 3.054589033126831055e-04 2.830862998962402344e-03 1.788210868835449219e-02 -6.915748119354248047e-03 9.312629699707031250e-04 1.456797122955322266e-03 3.547668457031250000e-03 -1.511067152023315430e-03 1.575034111738204956e-04 1.158630475401878357e-04 -1.891747117042541504e-03 -1.875951886177062988e-03 -5.916476249694824219e-03
-7.617473602294921875e-02 1.873540878295898438e-02 6.860733032226562500e-02 1.477870941162109375e-01 6.943359375000000000e+00 -1.895040273666381836e-03 6.944179534912109375e-02 8.625164628028869629e-04 6.795115768909454346e-05 4.985630512237548828e-03 -6.961345672607421875e-03 5.543231964111328125e-02 -1.488611102104187012e-03 -1.452937722206115723e-03 -2.988040447235107422e-03 1.019525527954101562e-02 1.516577322036027908e-05 2.210065722465515137e-04 8.566379547119140625e-03 1.893043518066406250e-03 1.397943496704101562e-02
2.043813467025756836e-03 -8.540630340576171875e-02 5.377471446990966797e-03 -5.639493465423583984e-03 -1.049995422363281250e-01 3.203488886356353760e-04 -1.049906015396118164e-03 3.385124728083610535e-05 -9.785592555999755859e-04 1.082895323634147644e-05 8.513703942298889160e-04 -6.443187594413757324e-04 1.017904281616210938e-02 3.222405212000012398e-06 2.151802182197570801e-04 -6.230026483535766602e-04 -5.592731758952140808e-05 4.915222525596618652e-04 -1.226738095283508301e-04 2.905130386352539062e-04 -6.592348217964172363e-04
1.826345920562744141e-03 7.367655634880065918e-04 -4.418106079101562500e-01 -9.952831268310546875e-02 -2.035064697265625000e-01 -4.694104194641113281e-03 -2.035200595855712891e-03 4.993200302124023438e-03 -6.106682121753692627e-05 1.519352197647094727e-03 1.439616084098815918e-03 -1.450210809707641602e-03 1.468486152589321136e-05 8.564352989196777344e-03 1.882225275039672852e-03 -5.619693547487258911e-05 -2.390742301940917969e-04 2.702511847019195557e-04 -7.704347372055053711e-04 -1.380324363708496094e-03 -1.697614789009094238e-03
4.346489906311035156e-03 -1.205444335937500000e-03 -1.126222610473632812e-01 -6.755294799804687500e-01 -4.229240417480468750e-01 7.999539375305175781e-03 -4.229307174682617188e-03 -6.919562816619873047e-03 9.400621056556701660e-04 1.455694437026977539e-03 3.546953201293945312e-03 -2.962559461593627930e-03 2.405587583780288696e-04 1.920193433761596680e-03 1.395690441131591797e-02 4.924163222312927246e-04 2.692267298698425293e-04 -8.350312709808349609e-04 -1.374274492263793945e-03 -1.700520515441894531e-03 -4.017770290374755859e-03
-1.460218429565429688e-02 1.111173629760742188e-02 -6.259679794311523438e-03 -4.124069213867187500e-02 1.336486816406250000e+00 1.582428812980651855e-03 1.336514949798583984e-02 -9.624734520912170410e-04 3.528185188770294189e-04 1.940891146659851074e-03 -1.520812511444091797e-03 1.017999649047851562e-02 -4.429407417774200439e-04 -5.616340786218643188e-05 4.940703511238098145e-04 4.958152770996093750e-03 1.170253381133079529e-05 3.847898915410041809e-05 1.924902200698852539e-03 3.754813224077224731e-05 2.504616975784301758e-03
1.424383372068405151e-04 -9.674429893493652344e-04 1.843810081481933594e-02 -9.442925453186035156e-03 6.444975733757019043e-04 -5.085468292236328125e-04 6.421061698347330093e-06 2.146791666746139526e-05 1.947820186614990234e-03 -2.732523716986179352e-05 1.689754426479339600e-04 2.676679287105798721e-06 -5.629519000649452209e-05 -1.116599887609481812e-04 2.912655472755432129e-04 1.292733941227197647e-05 1.924023032188415527e-03 2.931407652795314789e-05 1.922342926263809204e-05 1.382324844598770142e-04 1.316575799137353897e-05
-1.979712396860122681e-04 -7.149517536163330078e-03 -1.044857501983642578e-02 5.146932601928710938e-02 2.874851226806640625e-02 -1.318410038948059082e-03 2.874210476875305176e-04 8.404329419136047363e-04 -1.511380076408386230e-03 1.705754548311233521e-04 1.351349055767059326e-04 2.352260053157806396e-04 4.951134324073791504e-04 2.909265458583831787e-04 -6.432160735130310059e-04 3.703869879245758057e-05 3.734044730663299561e-05 2.503126859664916992e-03 1.406557857990264893e-04 1.426739618182182312e-05 -1.690946519374847412e-04
-1.177656650543212891e-02 3.806948661804199219e-03 4.705047607421875000e-02 7.416248321533203125e-02 1.051651000976562500e+00 -1.875594258308410645e-03 1.051735877990722656e-02 1.517966389656066895e-03 -4.148017615079879761e-05 7.659867405891418457e-04 -1.897811889648437500e-03 8.562207221984863281e-03 -2.280678600072860718e-04 -7.690787315368652344e-04 -1.377999782562255859e-03 1.924678683280944824e-03 2.569868229329586029e-05 1.500528305768966675e-04 2.233713865280151367e-03 1.065939664840698242e-03 2.532482147216796875e-03
-2.986371517181396484e-03 -1.441791653633117676e-03 8.216381072998046875e-02 8.935260772705078125e-02 2.814865112304687500e-01 -1.859202980995178223e-03 2.814859151840209961e-03 1.453533768653869629e-03 1.574177294969558716e-04 -1.890093088150024414e-03 -1.870736479759216309e-03 1.909449696540832520e-03 2.701431512832641602e-04 -1.371964812278747559e-03 -1.696810126304626465e-03 2.948683686554431915e-05 1.523811370134353638e-04 2.729892730712890625e-05 1.072362065315246582e-03 2.532631158828735352e-03 2.852797508239746094e-03
-1.999592781066894531e-02 1.034045219421386719e-02 9.949493408203125000e-02 1.873054504394531250e-01 1.786041259765625000e+00 -4.219830036163330078e-03 1.786088943481445312e-02 3.547817468643188477e-03 1.038750633597373962e-04 -1.867368817329406738e-03 -5.901634693145751953e-03 1.393795013427734375e-02 -8.188411593437194824e-04 -1.699775457382202148e-03 -4.021406173706054688e-03 2.504199743270874023e-03 2.842652611434459686e-05 -1.322776079177856445e-04 2.532750368118286133e-03 2.861708402633666992e-03 9.236574172973632812e-03
