9.999981799735354615e-01 -3.696546050511310619e-03 -3.456404729103204621e-03 3.370941244366099099e-04 -3.376455626040200109e+00 7.640166324898289146e-05 -3.358708783581623725e-02 -3.569344857184492993e-03 8.640200154824608653e-04 1.505906063618102971e-04 2.375818870709001454e-03 -2.383362840277747363e-02 -8.383875044842060455e-04 -3.142709612740388417e-05 3.238839916725700860e-04 -8.181195452523416789e-03 8.798745657610156177e-05 4.070492062208208952e-05 -3.159996524437168157e-03 -1.927973522334197956e-03 -6.102148467079571148e-03
9.921415448822632106e-04 9.996363158666335957e-01 -1.075404375042360739e-03 -1.349097136566740178e-03 -2.741375612670171602e-02 2.381097392979976781e-05 -2.754837468548948010e-04 4.602745792498418498e-05 3.482696032279292597e-04 -2.019648842290799092e-04 -1.936969987220172067e-04 -3.413811911934123695e-04 -2.666491398106785819e-03 6.702116207794194978e-05 2.888607614387361691e-05 1.451653989126172367e-04 -6.387748807730761296e-05 -2.560065112491790879e-04 9.112246824644046794e-07 -4.871059895488488874e-05 1.807174866232460911e-04
-6.035625731424783345e-06 -6.658218481142510906e-05 9.992585839709656748e-01 -8.815771425934733037e-04 -1.680186702626736486e-03 1.800241865243003281e-05 -1.690926724230828993e-05 6.499376193026251409e-05 -1.732852232331061728e-04 -1.487090765293016831e-04 -9.958028200998241550e-05 -1.484692435055669517e-05 3.156482725549392273e-05 -4.476794444546181636e-04 5.529658528330543010e-05 8.272020019378778359e-06 5.671845804427523303e-05 -1.591341266293000613e-05 6.646326853151499406e-05 1.214580607015002109e-04 1.466365676608886830e-04
-1.233735369693774635e-06 3.936037515065361379e-05 6.089606796526617028e-04 9.996898696341701696e-01 -1.937016270388343051e-02 6.502257073925812956e-06 -1.925886372269899720e-04 -2.932751049642182999e-05 3.763313093389318356e-06 -7.734366386877749081e-05 -8.777589724900003876e-05 -5.181104627313403577e-05 -8.648823547674370436e-06 1.181681138566229357e-05 -5.763584507292431134e-04 -1.244085601835778613e-04 -1.228145363153302608e-05 8.478212167893618928e-05 4.750246607015723346e-05 7.727247138581647698e-05 1.191979804345726437e-05
2.309713802795858133e-03 3.947680688860637221e-05 -1.426112431406091619e-03 4.519783917570477372e-03 -3.064507901140698820e+00 3.722975295324809641e-07 6.800668789611287110e-04 -1.040325671154440114e-04 2.169442295297803973e-05 -1.037744733581771016e-03 -1.453960843986979931e-04 -1.999778041912562195e-03 -1.682028776783665077e-05 2.766983930261256684e-05 5.672675406983738663e-05 4.751485841139836339e-04 8.512689502640177243e-05 5.564669090558492948e-05 -3.419320336975508043e-04 2.406816273601399339e-04 -5.243487574533300943e-04
2.940996073296994751e-05 9.041352518298468276e-05 3.381570514704302158e-03 2.954562204350384691e-03 -4.957120388262731270e-02 9.999125842919113216e-01 -4.961854608892136281e-04 -1.760238442962090352e-02 1.341079083133484267e-03 4.114114979045657033e-04 5.816364841919656687e-04 -6.830147660259516720e-04 2.570170844091705805e-05 2.903990402075267568e-04 -4.576069521035319699e-04 7.562215681792481799e-05 -6.096153987485886019e-04 -1.711346663838449742e-04 -5.070751260670112743e-04 -5.834930731815049423e-04 -8.524028896615765474e-04
-2.310924432539068762e-01 -1.720492543764390314e-02 1.435104661331898512e-01 -4.554140069156842330e-01 2.917153042347827068e+02 -5.412601997240029661e-05 -2.162836851015301765e-01 3.719837918817250899e-02 -7.482761642784946030e-03 3.563202775331660022e-02 4.910858570180592908e-02 7.302497594980428275e-02 2.827696898446516172e-03 -4.663294424891814560e-03 -7.502450108297725739e-03 -1.219718645498565207e-01 -1.073054137118051483e-02 -5.260146805265666047e-03 -4.827170473006348050e-03 -3.698430188944351604e-02 9.912053800150255611e-03
2.661445321402999831e-05 -3.010065901620069539e-03 3.409707896380009817e-03 5.221814038083305576e-03 -8.284357517960057038e-01 -8.885958557702453020e-05 -8.092819607625978406e-03 7.668085778176396694e-01 -1.422260667701937507e-02 -1.649514200927353069e-02 -1.249913811588235571e-02 -1.646793715621690246e-02 2.094906542517635528e-04 -5.598086490719675345e-03 2.128463793384015312e-03 -5.733735812445335187e-03 3.340559410127656118e-03 2.998102067303972176e-03 6.395501953481482621e-03 9.902036317281997027e-03 9.073178701543019309e-03
2.970160984938630122e-07 3.728723244857880259e-03 -4.227460038037089696e-04 -4.212102811886109244e-03 2.703732006330401560e-01 1.911570103849472013e-05 2.529510900569950649e-03 1.001473733512393133e-02 4.278424912370177302e-01 -8.662125770372022804e-03 -3.237649100012996578e-03 7.774839903745847658e-03 -1.201667340821027316e-02 -2.910266957739205546e-03 -2.331288102472899026e-03 6.095351490481507560e-03 1.781187543494364145e-02 5.572089923757767883e-03 7.656507504932940841e-03 4.609158261022740233e-03 1.099568419405991260e-02
-1.380469825357777403e-04 -9.668695097072993461e-03 6.605231398224553629e-04 1.919154891211016789e-02 -6.420720289970596184e+00 -1.348461195697925330e-05 -6.482928300268742117e-02 -7.352053169294631152e-03 -6.059968626974809522e-03 6.642292894899001210e-01 -5.619449273868909467e-02 3.515191187226207603e-03 3.711230141944882321e-03 -9.250558340644886302e-03 -7.121979645820952776e-03 3.289799897856843236e-02 7.371348614625034684e-03 4.204707768218008540e-03 3.300681469006425811e-02 3.246876638325151693e-02 4.097723082395285377e-02
-5.390296214036194300e-05 -2.112682399072307593e-03 -3.939521693565595228e-04 -4.490129978988122161e-03 2.855756575424614141e+00 3.926044634006142786e-06 2.809375569129390904e-02 -2.349547301312066017e-03 4.195249517323883237e-03 1.265462899350699999e-03 7.112524173408680817e-01 1.400909292742691381e-02 3.374614180531868707e-03 2.498734010067241162e-03 2.248181724958109307e-04 -1.864039353588511916e-02 -3.538347333024500184e-03 3.551930609678717252e-03 -2.573371280542607886e-03 4.879067569673184446e-04 -2.650219916402665743e-02
2.554160298802177209e-04 1.193097845291865022e-01 -5.531726996992780698e-03 2.531973342822801953e-02 1.271110541755896008e+02 1.130412847989425984e-04 1.274257905263968427e+00 -6.105621272839450997e-02 2.263938765894736582e-03 3.985335515290980291e-02 -9.813613943542187634e-02 9.738995513380166447e-01 -1.486108253128828188e-02 -7.149537510663481199e-03 6.107225819726225247e-03 1.929247741200338373e-01 1.696354241379969749e-02 1.013214941600655908e-02 1.228853625946254302e-01 7.021723544797373040e-02 1.698456838317468076e-01
-5.452123943738840239e-05 4.496481878851488201e-03 -5.250092969606656723e-03 4.764206931135595013e-02 1.169184994128610100e+00 1.292766334564238173e-04 1.132645194717857295e-02 8.275531881867394246e-03 -4.042289001287473899e-02 5.225136511196645794e-03 -3.268353445138136304e-03 3.607241337020261618e-02 7.156189730082709310e-01 -1.878541641486316388e-03 -9.909843513288441041e-03 -2.958109020318092780e-02 4.438636362257592990e-03 2.295932917418408090e-02 2.365008295027656859e-03 4.900122043633020619e-04 2.734577911315955179e-03
-2.180769069464183474e-04 2.247784906152863749e-03 -3.210764998645976309e-02 1.003633826055901901e-01 -9.173211672002201666e-01 8.261865470722672827e-04 -9.159992957984641748e-03 4.703789411794077890e-02 2.417381447732031051e-04 4.846880378902131831e-02 4.593624403159114744e-02 -4.152952915262617117e-03 -6.976509264504868191e-04 8.734822526741564674e-01 -1.777590039288792778e-02 2.371901154209368409e-03 -1.945651281070513022e-02 1.319269499108999787e-02 -2.700818426306876921e-02 -3.639179778535085036e-02 -3.219804819755070491e-02
-1.317641481013431815e-04 1.368321005728606599e-02 -1.721865008904188699e-02 -8.763552173772382048e-02 -2.502566370937550744e+00 2.710403491407997745e-04 -2.600984047645982233e-02 -3.795416801137312113e-02 1.888754743233513056e-02 3.748593418259675569e-02 4.667464634945922564e-02 2.983556646128771028e-02 2.114026429402744017e-03 -1.245672929388890599e-02 8.607044382971512642e-01 2.096019441656077342e-02 -7.059165121920101676e-04 -3.055014342903462216e-02 -2.076928072614317444e-02 -3.139163805519527839e-02 -5.694152702835308943e-02
2.757183745660807261e-04 1.598922784251666229e-04 -3.012859724492500391e-03 -3.926089802220644742e-03 -7.061160024166497351e+00 5.816634543437393390e-05 -6.500637715644996817e-02 -8.350648508990665686e-02 2.265018872312601905e-02 -3.397241117411792244e-02 4.598981838852900239e-02 -2.124567456787687103e-01 3.344483087981270364e-03 1.618721475201870263e-02 3.948954587430281160e-02 3.490275442219546997e-01 2.411034409351507299e-02 6.456155236947733883e-03 -4.017048616288187990e-02 3.767697683680532039e-02 -1.166854891191535515e-01
-6.440573603522237178e-06 -3.787401717192204198e-03 2.493784707078394725e-03 1.421574389503910130e-02 -9.950457710772062647e-01 -4.980452510915459041e-05 -9.613624978127843779e-03 -5.961974763538492941e-03 2.104656732084819459e-01 3.260241048578772782e-02 -9.015303644000851463e-03 -1.361379411537505524e-02 2.754391760579421450e-02 2.408181818488086198e-02 -1.020792279537337255e-03 2.162351513336259641e-03 4.875002103490114758e-01 -6.611174025263073795e-02 -4.521254646296341689e-02 -4.730105201518575164e-02 -2.504739132442697358e-02
-1.037849767594467565e-04 1.627165703471628033e-03 -4.462679467827079804e-04 -3.488477906187181787e-02 4.975451991508350602e-02 1.768242063522607044e-05 3.592293975381855020e-04 -3.231935953996734057e-03 -3.170577222616434432e-02 -8.970687779040635579e-03 7.706964292644336023e-03 -2.996009865148752116e-03 3.382591082654928805e-02 -5.464855996673012584e-05 2.748464644355323727e-02 -5.597005168316938895e-03 -3.670943963972270185e-02 4.369077775177667711e-01 -2.530887256367579663e-02 -1.291991908062652128e-02 1.535449184524576016e-02
1.381192007166021085e-04 4.796026046617996030e-03 2.686206910109234514e-03 1.093377869220262255e-01 5.597098416255846587e+00 -5.336392163246550524e-05 4.472778654812437082e-02 9.214381766991452949e-02 1.352724731699970345e-02 4.699495659500346201e-01 2.838411302488050847e-01 5.066187636395516058e-01 -8.514788785547816596e-03 2.505832630464288613e-02 -8.667387515085334115e-03 -1.699953970373391243e-02 -1.154538786475036993e-01 -6.420472368190049961e-02 4.970859474587719373e-01 -3.552543890806713067e-01 -3.188375877929408020e-01
3.402804899472755551e-04 6.696615027613983528e-03 -3.070599397393181107e-03 6.746579536758900986e-02 -6.461104779077572857e+00 3.457460524458610962e-05 -5.560738209758042672e-02 -1.383221639131979597e-01 1.964170473305928283e-02 -9.917042696013944614e-02 1.159167832259970776e-01 -3.892885136367763010e-01 2.708238800878678965e-02 1.393403845187812795e-02 9.591213693059286172e-02 3.299595414501232948e-02 2.800129484216800496e-02 7.431096235749334866e-03 1.211547203624641078e-02 8.159836939167217640e-01 1.688980691634256459e-02
-5.498147719391610622e-04 -1.490422813301250926e-02 1.571105904012881638e-03 -8.776172257662295806e-02 1.040038754316049108e+01 -1.659078167182137520e-05 9.895705091303241829e-02 9.099720237489894448e-02 3.937041772543614648e-03 5.725189073872194445e-02 -7.311043056095001269e-02 2.022701903760895092e-01 2.050664994839440647e-04 2.844152578466097037e-03 -6.313017630743267272e-02 -6.102809800945108165e-02 -1.525396971102917915e-02 -7.534427920972478626e-03 -3.573861271089828762e-02 -5.623797280705777890e-02 6.718339102042381050e-01
