2.995071411132812500e-01 -1.146018505096435547e-03 -5.364990234375000000e-01 1.549375057220458984e-02 -6.353881835937500000e+00 -1.246395111083984375e-01 -6.354141235351562500e-02 2.869129180908203125e-03 1.067481935024261475e-04 -4.056262969970703125e-02 -2.988994121551513672e-03 -5.133962631225585938e-02 1.863598823547363281e-03 2.017378807067871094e-03 -3.585219383239746094e-03 -9.034395217895507812e-03 1.606475561857223511e-04 -4.489533603191375732e-04 -3.133296966552734375e-02 -1.409277319908142090e-04 -8.452057838439941406e-03
1.040637493133544922e-02 5.707458496093750000e+00 -9.427566528320312500e-01 4.014770507812500000e+00 4.147911071777343750e-01 -2.746534347534179688e-02 4.148066043853759766e-03 1.743271946907043457e-03 2.007156610488891602e-03 4.121661186218261719e-03 -6.620287895202636719e-03 3.209114074707031250e-03 -4.642248153686523438e-02 1.047775149345397949e-03 -2.582013607025146484e-03 7.041335105895996094e-03 9.681656956672668457e-04 -3.604859113693237305e-03 3.643214702606201172e-03 -5.877673625946044922e-03 5.558788776397705078e-03
-5.373916625976562500e-01 -9.429397583007812500e-01 3.677656250000000000e+02 2.789013671875000000e+01 5.499084472656250000e+00 1.446704101562500000e+01 5.499315261840820312e-02 -1.452804565429687500e+00 7.364654541015625000e-02 2.659392356872558594e-02 -1.190013885498046875e-01 7.235431671142578125e-02 5.796253681182861328e-03 -1.122268676757812500e+00 -5.101859569549560547e-03 6.274580955505371094e-03 5.587434768676757812e-02 -3.846693038940429688e-02 6.157577037811279297e-03 -1.037874221801757812e-01 1.028585433959960938e-01
2.281999588012695312e-02 4.011169433593750000e+00 2.799511718750000000e+01 3.192553710937500000e+01 -6.329406738281250000e+00 1.524734497070312500e+00 -6.329822540283203125e-02 -5.798292160034179688e-02 -2.122402191162109375e-02 -6.800556182861328125e-02 7.125377655029296875e-02 -7.337284088134765625e-02 -8.446812629699707031e-03 -3.858059644699096680e-03 -1.639137268066406250e-01 -1.333463191986083984e-02 -2.088284492492675781e-02 2.523612976074218750e-02 -5.832147598266601562e-02 5.537986755371093750e-02 -5.258321762084960938e-02
-6.351623535156250000e+00 2.447845458984375000e+00 5.486877441406250000e+00 -4.898254394531250000e+00 6.021796875000000000e+02 2.849845886230468750e-01 6.029724121093750000e+00 -2.750892639160156250e-01 1.172828674316406250e-02 3.810760498046875000e+00 2.905464172363281250e-01 4.827575683593750000e+00 -1.519145965576171875e-01 -2.030467987060546875e-01 3.263206481933593750e-01 8.582305908203125000e-01 2.253293991088867188e-03 5.379343032836914062e-02 2.911590576171875000e+00 2.472519874572753906e-02 7.823333740234375000e-01
-1.246671676635742188e-01 -2.723646163940429688e-02 1.446850585937500000e+01 1.523620605468750000e+00 2.849845886230468750e-01 9.999465942382812500e-01 2.849847078323364258e-03 -5.366516113281250000e-02 3.087282180786132812e-03 1.295015215873718262e-03 -2.255588769912719727e-03 2.424418926239013672e-03 9.177904576063156128e-05 -3.425693511962890625e-02 -2.529293298721313477e-03 3.156326711177825928e-04 1.735970377922058105e-03 -9.304732084274291992e-04 6.255060434341430664e-04 -2.804279327392578125e-03 3.123492002487182617e-03
-6.351280212402343750e-02 2.447915077209472656e-02 5.487394332885742188e-02 -4.898500442504882812e-02 6.029724121093750000e+00 2.849847078323364258e-03 6.029701232910156250e-02 -2.750933170318603516e-03 1.172292977571487427e-04 3.811168670654296875e-02 2.905577421188354492e-03 4.827070236206054688e-02 -1.519188284873962402e-03 -2.030819654464721680e-03 3.263264894485473633e-03 8.581757545471191406e-03 2.253311686217784882e-05 5.379617214202880859e-04 2.912044525146484375e-02 2.477057278156280518e-04 7.822990417480468750e-03
2.870947122573852539e-03 3.671012818813323975e-04 -1.452926635742187500e+00 -5.750656127929687500e-02 -2.751197814941406250e-01 -5.366516113281250000e-02 -2.751350402832031250e-03 4.827022552490234375e-02 -1.563221216201782227e-03 -2.030402421951293945e-03 3.260284662246704102e-03 -2.842903137207031250e-03 9.574834257364273071e-05 3.121066093444824219e-02 1.683920621871948242e-03 -1.088649034500122070e-03 -9.410679340362548828e-04 4.856027662754058838e-04 -1.563623547554016113e-03 3.386795520782470703e-03 -3.110915422439575195e-03
1.106513664126396179e-04 1.896217465400695801e-03 7.360458374023437500e-02 -2.124166488647460938e-02 8.739948272705078125e-03 3.087282180786132812e-03 8.733663707971572876e-05 -6.879046559333801270e-04 8.558034896850585938e-03 3.333116183057427406e-06 5.835145711898803711e-04 5.699880421161651611e-05 -1.093640923500061035e-03 -3.777705132961273193e-04 5.288198590278625488e-04 -7.555633783340454102e-05 6.517767906188964844e-03 -3.333128988742828369e-04 -5.309423431754112244e-05 3.599785268306732178e-04 1.063436269760131836e-03
-4.054355621337890625e-02 1.414620876312255859e-02 2.646350860595703125e-02 -6.316947937011718750e-02 3.810546875000000000e+00 1.295015215873718262e-03 3.810977935791015625e-02 -2.032428979873657227e-03 2.215616405010223389e-05 2.912044525146484375e-02 2.437736839056015015e-04 3.120541572570800781e-02 -9.077563881874084473e-04 -1.565858721733093262e-03 3.390252590179443359e-03 6.531715393066406250e-03 -3.994768485426902771e-05 3.098696470260620117e-04 2.431321144104003906e-02 -6.727203726768493652e-04 5.990087985992431641e-03
-3.001302480697631836e-03 -5.320310592651367188e-03 -1.188564300537109375e-01 7.285118103027343750e-02 2.943611145019531250e-01 -2.255588769912719727e-03 2.943724393844604492e-03 3.377795219421386719e-03 5.250871181488037109e-04 2.953857183456420898e-04 7.801294326782226562e-03 1.720756292343139648e-03 4.905685782432556152e-04 3.444761037826538086e-03 -3.072082996368408203e-03 -3.299377858638763428e-04 3.004856407642364502e-04 1.112222671508789062e-03 -6.222948431968688965e-04 5.975544452667236328e-03 -1.258671283721923828e-03
-5.133104324340820312e-02 1.388311386108398438e-02 7.221412658691406250e-02 -6.757354736328125000e-02 4.828186035156250000e+00 2.424418926239013672e-03 4.827785491943359375e-02 -2.843618392944335938e-03 1.013958826661109924e-04 3.121280670166015625e-02 1.681119203567504883e-03 3.894090652465820312e-02 -1.192852854728698730e-03 -2.225220203399658203e-03 3.115117549896240234e-03 6.726801395416259766e-03 2.639368176460266113e-05 3.633797168731689453e-04 2.418756484985351562e-02 -2.971589565277099609e-04 6.580114364624023438e-03
1.770392060279846191e-03 -4.653739929199218750e-02 5.777418613433837891e-03 -9.027719497680664062e-03 -7.318687438964843750e-02 9.177904576063156128e-05 -7.319003343582153320e-04 6.276555359363555908e-05 -1.093208789825439453e-03 -4.113093018531799316e-04 5.305185914039611816e-04 -4.911869764328002930e-04 6.707191467285156250e-03 -2.455781213939189911e-06 4.121512174606323242e-04 -3.828220069408416748e-04 -9.531229734420776367e-04 9.609982371330261230e-04 -2.600103616714477539e-04 5.599856376647949219e-04 -9.026676416397094727e-04
2.019256353378295898e-03 7.015243172645568848e-04 -1.122253417968750000e+00 -1.840770244598388672e-03 -2.032241821289062500e-01 -3.425693511962890625e-02 -2.032548189163208008e-03 3.121137619018554688e-02 -9.412989020347595215e-04 -1.565307378768920898e-03 3.388464450836181641e-03 -2.226978540420532227e-03 2.140249125659465790e-05 2.418780326843261719e-02 -2.974830567836761475e-04 -9.491816163063049316e-04 -6.670802831649780273e-04 5.531534552574157715e-04 -1.177340745925903320e-03 2.906620502471923828e-03 -2.477467060089111328e-03
-3.590106964111328125e-03 -2.055108547210693359e-03 -5.433619022369384766e-03 -1.649379730224609375e-01 3.374938964843750000e-01 -2.529293298721313477e-03 3.374934196472167969e-03 1.717865467071533203e-03 4.922375082969665527e-04 3.443092107772827148e-03 -3.077566623687744141e-03 3.203123807907104492e-03 3.583058714866638184e-04 -2.531036734580993652e-04 6.554961204528808594e-03 9.604394435882568359e-04 5.578696727752685547e-04 -1.002222299575805664e-03 2.945274114608764648e-03 -2.453416585922241211e-03 2.479016780853271484e-03
-9.018421173095703125e-03 1.001501083374023438e-02 6.247162818908691406e-03 -1.206827163696289062e-02 8.548202514648437500e-01 3.156326711177825928e-04 8.547782897949218750e-03 -1.098632812500000000e-03 -9.080674499273300171e-05 6.514132022857666016e-03 -3.277733922004699707e-04 6.700336933135986328e-03 -2.516396343708038330e-04 -9.585097432136535645e-04 9.729266166687011719e-04 2.874165773391723633e-03 -1.124152913689613342e-04 1.221075654029846191e-04 5.503833293914794922e-03 -5.132406949996948242e-04 1.607567071914672852e-03
1.623183488845825195e-04 8.703395724296569824e-04 5.583381652832031250e-02 -2.072620391845703125e-02 3.044269979000091553e-04 1.735970377922058105e-03 3.018038114532828331e-06 -3.780648112297058105e-04 6.518602371215820312e-03 -5.340995267033576965e-05 3.593824803829193115e-04 -7.593538612127304077e-06 -9.542629122734069824e-04 -2.320036292076110840e-04 5.578249692916870117e-04 -9.903218597173690796e-05 5.505621433258056641e-03 -5.207285284996032715e-04 -8.884910494089126587e-05 3.378316760063171387e-04 8.473470807075500488e-04
-4.559829831123352051e-04 -3.173112869262695312e-03 -3.841543197631835938e-02 2.576971054077148438e-02 5.727195739746093750e-02 -9.304732084274291992e-04 5.727261304855346680e-04 5.360841751098632812e-04 -3.254674375057220459e-04 3.510154783725738525e-04 1.068085432052612305e-03 4.086270928382873535e-04 9.714961051940917969e-04 5.633756518363952637e-04 -8.875280618667602539e-04 1.022955402731895447e-04 -5.108267068862915039e-04 1.614928245544433594e-03 3.304444253444671631e-04 8.515417575836181641e-04 -6.812885403633117676e-04
-3.132152557373046875e-02 1.074576377868652344e-02 6.030678749084472656e-03 -5.533695220947265625e-02 2.911590576171875000e+00 6.255060434341430664e-04 2.911996841430664062e-02 -1.567661762237548828e-03 -4.008924588561058044e-05 2.431392669677734375e-02 -6.758570671081542969e-04 2.418851852416992188e-02 -6.390213966369628906e-04 -1.179575920104980469e-03 2.909690141677856445e-03 5.514979362487792969e-03 -8.052308112382888794e-05 2.948641777038574219e-04 2.145075798034667969e-02 -1.015245914459228516e-03 4.965364933013916016e-03
-1.528095453977584839e-04 -5.438566207885742188e-03 -1.036748886108398438e-01 5.644464492797851562e-02 2.909421920776367188e-02 -2.804279327392578125e-03 2.912506461143493652e-04 3.446519374847412109e-03 2.999454736709594727e-04 -6.255209445953369141e-04 5.975902080535888672e-03 -2.537891268730163574e-04 5.557835102081298828e-04 2.948403358459472656e-03 -2.450376749038696289e-03 -5.181059241294860840e-04 2.867802977561950684e-04 8.863210678100585938e-04 -9.675398468971252441e-04 4.953920841217041016e-03 -1.403257250785827637e-03
-8.438944816589355469e-03 7.469475269317626953e-03 1.027507781982421875e-01 -5.250692367553710938e-02 7.779388427734375000e-01 3.123492002487182617e-03 7.779181003570556641e-03 -3.038436174392700195e-03 1.116275787353515625e-03 5.962669849395751953e-03 -1.243144273757934570e-03 6.530821323394775391e-03 -9.867250919342041016e-04 -2.426147460937500000e-03 2.472311258316040039e-03 1.623943448066711426e-03 8.900314569473266602e-04 -7.152855396270751953e-04 4.943430423736572266e-03 -1.385495066642761230e-03 3.276199102401733398e-03
