9.998962936020090453e-01 -1.333313281046620905e-03 -2.682484657649635007e-04 -1.315132881489280980e-04 -2.101896897280900678e+00 2.327492159326094434e-04 -2.100979072303963205e-02 -8.279810179453693519e-04 -3.893776777029570079e-04 -1.507271450679709829e-02 2.583839342190285757e-04 -2.006410472382446838e-02 -1.369693251174763666e-04 -2.798926287899351686e-04 1.864438748435851868e-03 -3.028584327584417889e-03 -3.560531634540925472e-05 -7.533273672162071281e-04 -1.101750131483407273e-02 3.489398422580807044e-04 -1.745777997206068161e-03
1.089410501148426217e-03 9.993593889646871231e-01 -4.230776017409149103e-04 -2.169485706497893684e-03 -2.441852050517233641e-01 -1.618965794740882033e-04 -2.445257786156008507e-03 -1.498769980060348254e-03 3.141172126738836458e-04 -1.216088932212596330e-03 4.227848921011221912e-04 -1.050570145212908991e-03 -3.101886940517874398e-03 -7.994736652783506186e-04 -6.194269534380014708e-04 1.159986314801495421e-03 2.812299836510243761e-04 8.406636722793156156e-04 -5.695793438033315776e-04 2.962418508191431510e-04 2.593136639173860766e-04
4.126595778654378001e-04 -2.854146193831115334e-04 9.994424200188034568e-01 -1.176920026970573914e-02 -1.537227505171274988e-02 5.677216336018081535e-05 -1.533759715110751204e-04 7.319817496174405328e-04 5.170159463895151585e-04 -1.772955610019366721e-03 -2.076275062504108048e-03 -6.042501610082563930e-04 2.799537849605860545e-04 -1.276784016070055218e-03 2.515592350187212216e-04 7.999062396304702739e-05 9.932460577502489566e-04 1.115763931940410777e-04 -1.836421846371441005e-03 -1.095047165316061655e-03 -4.448827942556098092e-04
1.148517246102101746e-04 -4.837173790759884714e-04 5.510850666453325766e-04 9.982232515946125595e-01 -1.250514133809056683e-01 -1.202876314715933402e-04 -1.253097832043657172e-03 2.279813713101659211e-05 1.477055596499833210e-05 -1.188375333352456077e-03 6.154980246655453440e-04 8.937110525402525802e-05 -5.017958378377737443e-04 7.216357901269627572e-05 -7.973484979527424316e-04 5.486645728792344245e-05 6.037231240324840919e-05 1.839943331123653695e-04 -1.036090404266878798e-03 3.801818139626480944e-04 3.057355187555989284e-04
-1.386436012873211833e-04 5.317716246192158349e-05 2.281550235819608877e-06 -1.655376750613413508e-04 1.256547023388638606e-01 1.602946056541662036e-06 1.033079524807549530e-03 1.662593342231686103e-03 1.065040056460800832e-03 -1.805725465338674706e-04 5.613471124205674477e-04 9.852284523621862231e-04 -4.893483926958690049e-04 4.997342176595278218e-04 -5.850027987782272041e-04 -5.459426404679542776e-05 5.680384304979412078e-04 3.927936083081290256e-04 -3.448466254682846935e-04 3.843886875346845056e-04 6.179979676604538397e-04
-1.229469574079173916e-03 9.655776697754349987e-04 1.601700248597676471e-03 3.642155607831626396e-02 4.169873633961764803e-01 9.997187853078329800e-01 4.169553916520239364e-03 -8.208090660497952690e-03 2.308852228353004601e-04 8.535179938926914026e-03 7.393945990487573762e-03 4.343153139911039122e-03 -6.488447881837194463e-04 1.172958468965920337e-04 -9.211261149979563375e-04 2.772962625432658372e-04 -1.887738444396893983e-03 -2.512662313377427882e-04 8.023787094585897381e-03 3.805228874815344640e-03 1.979839500219689186e-03
-1.074200479755890725e-02 4.192285673366226428e-02 -2.272213310816700860e-03 -9.830042924999393694e-02 4.169600836203385086e+01 8.777548123807127345e-04 4.567576915359644607e-01 7.042237942023237274e-01 5.504768559841844988e-01 -1.020152880656985950e-01 3.007989917986670370e-01 4.448082326195319514e-01 -2.617858267351275692e-01 1.746607430714599007e-01 -2.991410759523824292e-01 -3.536747800948145809e-02 2.943342715424625000e-01 2.012012764066891113e-01 -1.788374374364816721e-01 2.035975921151899071e-01 3.158143215158482064e-01
1.142890448598166131e-02 -1.904548577108697294e-02 2.877264932112433282e-03 -3.863882005457419666e-02 -1.897445446686934645e+01 -5.766478182896023208e-04 -1.978237667052832327e-01 2.193016399808728201e-01 -2.821124542577405636e-01 -1.742057632581411886e-01 -1.959521290747921474e-01 -1.945088809405288721e-01 1.521413682032330961e-01 6.843116931785189760e-02 1.663672165230862809e-01 -1.424553753464731509e-02 -1.465900374747569346e-01 -1.251361953001721150e-01 -1.470010768163636516e-01 -1.072911993037390099e-01 -1.965761707065141195e-01
-4.911130506152439068e-03 1.369039508654013027e-02 -2.972343187224169014e-05 -8.600326127172763790e-05 1.336611077251774304e+01 6.606378051852157540e-04 1.370714019483905144e-01 1.105588095192459042e-01 3.630500573170569734e-01 2.743237387670238725e-02 9.129532450486410600e-02 1.240072417473911948e-01 -2.714622501699724966e-01 2.078545836701384264e-02 -2.084261349289963094e-01 6.584664961492892044e-02 1.721010333539161330e-01 1.524388452158683682e-01 2.869074612281030667e-03 6.829345153084187547e-02 1.521428037999292826e-01
7.079284422893405981e-02 -1.462946162965708119e-01 6.369119608164552915e-03 3.141744169400482178e-01 -1.673757399157083228e+02 -2.819628221477299412e-03 -1.724233068711777506e+00 -2.809493289592496446e+00 -1.819525125324496173e+00 2.609854827826181278e-01 -9.684555531288754349e-01 -1.673700922913698097e+00 8.473025342497555457e-01 -8.659697704959077313e-01 1.003569179824819635e+00 9.136413580297142456e-02 -9.705151481100612321e-01 -6.809109861720383794e-01 5.533815555076195825e-01 -6.570984600409210952e-01 -1.062763248112290171e+00
3.517175572542718953e-03 5.662245645879604439e-02 4.377082288968381363e-03 1.181202306183166684e-01 4.914165733784926715e+01 1.923562803892053807e-03 4.891892290665360576e-01 -5.867070680593680088e-01 6.657134837171163610e-02 2.303171395593848203e-01 7.275036019188445557e-01 4.847727616424917230e-01 -3.310514041477246039e-01 -1.941677019161009987e-01 -8.068409311943636197e-01 2.696300550494774573e-01 6.572779129285355459e-02 1.975776222936924675e-01 6.803974754995878449e-02 4.133799346323689949e-01 5.295074130702817072e-01
-9.716848677593578620e-04 6.722387260600265479e-02 -3.390875847891772210e-04 8.374864594572023480e-02 6.962474792539173052e+01 1.777110880359922263e-04 6.967485503439337924e-01 -2.151086698132465697e-02 -1.562474861605896333e-02 4.542380306237687182e-01 -6.042324518644573428e-03 6.654461138417561150e-01 -4.830699665336606052e-03 -5.466270850391835578e-02 -5.355100967115987431e-02 7.697852566871066227e-02 -4.079687881507015196e-03 5.396939620628678561e-03 3.104483993711644740e-01 -7.476600362049555179e-03 3.747134628316167726e-02
1.054981964553280971e-03 5.458588854105883570e-04 -1.157780355095505698e-04 -5.539804401031744874e-03 1.301603431941529720e+00 -2.756542789125182580e-04 1.236076866446350619e-02 3.457340760032179272e-03 -9.200778448473334592e-03 -2.069521346385791438e-02 5.136088870021587871e-02 1.899409219882058908e-02 3.580398490689183921e-01 8.330254856148328058e-03 4.701529262827433553e-02 -1.877244509329802080e-02 -1.662651013408058404e-02 -6.790526315792277945e-02 -2.982600790983372385e-02 2.929788204899358428e-02 -1.813453942848730627e-02
-1.638614685017625305e-02 1.390232342533359589e-02 -4.270338156873498825e-03 3.941213322397940644e-02 1.318944097422733819e+01 7.917825081690532674e-04 1.435760325489230937e-01 1.849093299119201339e-01 3.931279039618342797e-01 1.402832172007293376e-01 2.394093906183661080e-01 1.465659194609368332e-01 -2.222842864432906795e-01 2.538597027876126622e-01 -2.381123892802136655e-01 2.190434598574607372e-02 2.009201570149677651e-01 1.896860200254622542e-01 1.248755376435347064e-01 1.297043034854452048e-01 2.642333989700826891e-01
-2.390214973774451579e-03 -2.935122851809834899e-02 -3.134780460176678218e-03 -5.050151337166397525e-02 -2.645051035634631376e+01 -7.827300163947281675e-04 -2.625712811392388879e-01 -1.862411396010910103e-02 1.533894793665301348e-01 -6.458789101604711647e-02 -3.352754387655310087e-01 -2.586995710727426623e-01 5.358321473481131303e-02 -8.249447825403388723e-02 4.691788480154994723e-01 -8.857170784928503071e-02 8.648449285282594490e-02 2.121256405626870123e-02 2.977768477094688837e-02 -2.138490388767230188e-01 -1.483353000292702006e-01
2.303406249114070548e-03 -3.182229368788291879e-02 -2.265206054219426335e-05 -1.490366309649182597e-02 -3.374443519154660009e+01 -1.024341049815635785e-04 -3.389600795358673757e-01 1.345181405802819974e-01 -3.543199020986800840e-02 -1.492923669216986160e-01 -1.087680182721635913e-01 -3.343118283214215891e-01 -2.101001315346609499e-02 1.505870276879113234e-01 7.995046100587327453e-02 8.511469598563040084e-02 -1.509549197054857461e-02 -5.108509032713398623e-03 -7.940060568892279291e-02 -6.377305479101932906e-02 -8.251204891921393170e-02
5.946053374867199537e-03 -1.714245041572026729e-02 1.166044200511251461e-04 -5.175235824594892620e-04 -1.666452077088075612e+01 -8.572397235633300028e-04 -1.708039705158681532e-01 -1.201134584375809222e-01 -2.876042625871827463e-01 -2.956857577289384587e-02 -6.581607694094415706e-02 -1.536393551153227843e-01 3.719828772492819180e-01 -1.953225032811856110e-02 2.972475569570030007e-01 -9.023601915151513442e-02 -9.981661593486529371e-02 -1.855059562491195857e-01 2.915554190481728369e-03 -5.234878064829218136e-02 -1.944878929760411879e-01
-3.450577219390238426e-03 2.395546051754071648e-03 2.819278067698327561e-04 -8.182877381921471738e-03 2.212742496101256506e+00 1.969875872976922793e-04 2.446306626913874460e-02 3.617294463420909212e-01 3.618452314159383842e-01 -3.131388809419155539e-03 4.462074124623249816e-02 1.449375588671419912e-02 -1.632624274351375804e-01 1.743920281505871861e-01 -1.264848616326497144e-02 1.039453653743513395e-01 1.966238245801647522e-01 2.775830163084681002e-01 1.123491672548881937e-04 3.707196512675259292e-02 1.425179267232956626e-01
-4.997007810362430469e-02 9.876274705012888511e-02 -4.743362785011306926e-03 -2.230145729351384887e-01 1.136985203048905646e+02 1.875870046074923359e-03 1.172821757022697531e+00 2.112212661051638296e+00 1.242303501880117400e+00 -1.972262992442154195e-01 6.551956244994087131e-01 1.141700124761122037e+00 -5.641980423640645670e-01 7.185784288819681009e-01 -6.828690442671127014e-01 -8.447025900663363007e-02 6.600636383520741557e-01 4.628932775433665103e-01 -3.940022258012448875e-01 4.454488891775387760e-01 7.231101671280839582e-01
-3.435643997171666797e-03 -9.036724265446327564e-02 -5.182312260457067055e-03 -1.740531227316353124e-01 -8.107760510179161884e+01 -2.610087764998603177e-03 -8.088256673894811399e-01 7.058558182432701500e-01 1.464960360893163838e-02 -4.176120307652055885e-01 -8.450915431221881491e-01 -8.013499210332142297e-01 5.417867754569627436e-01 2.247618914316054095e-01 1.059518690748346703e+00 -3.809863976631842064e-01 -6.643402636763884317e-03 -3.216828246617502440e-01 -1.727183154535065768e-01 -4.578324849390766893e-01 -7.537489653700255587e-01
-8.212564829634949604e-04 2.967241055400027250e-03 9.725657023818001790e-04 2.129157181897767259e-03 2.817778069603946278e+00 1.332622178029652105e-04 2.854530909330676991e-02 -7.684422253350078336e-01 1.406782044133854104e-01 2.195508808230006714e-02 2.272151696763531348e-01 3.536613201068483647e-02 -1.327521339170467662e-03 -4.852884954161909015e-01 -7.781380515851377133e-02 5.451475312859566102e-02 5.894494961920482279e-02 2.132891713265486766e-01 1.958629516737930842e-02 1.029271356679202221e-01 3.074642587046245712e-01
