9.998655677814346499e-01 -1.893124494607739032e-03 4.235567021920505319e-03 -5.525034547710259807e-03 -3.266385728914676267e+00 1.226376368471290260e-04 -3.268914655581559719e-02 4.170091940508951220e-04 5.715196485836690184e-04 -1.553004127438423719e-02 -4.465757456610612054e-03 -2.605176473454868039e-02 -3.971526811905994872e-04 -4.026326804434925024e-04 1.624670903030917609e-04 -7.856582479296205998e-03 2.051524056225163730e-04 -5.356938964830588578e-04 -9.457844162491861953e-03 -1.819286720219116154e-03 -3.306565390494485730e-03
1.051864042865406331e-03 9.993708262039465717e-01 -3.138534961582406264e-03 1.160208446633424068e-03 -1.012113970538730673e-01 -8.877750330882364864e-05 -1.009257959395917477e-03 1.823249551378774112e-04 1.177498479951570451e-04 -1.696506676652262510e-04 -8.917657266533632245e-04 -2.756850244477876129e-04 -3.235127664024877586e-03 -9.658951127763210857e-05 2.824247373008860126e-04 3.880497372316905284e-04 -2.537004022445238632e-05 -1.927769239463593344e-04 2.054357533896872556e-06 -6.315014009543715081e-04 2.995477077489430533e-04
7.514510207592757127e-06 -5.723855075712576775e-05 9.995800163730275134e-01 7.976154586113070786e-05 -1.805685077469909409e-03 -1.067656603425411816e-05 -1.772236856154070657e-05 -5.596165528543882222e-04 6.098497830109375774e-05 -3.957192661202723136e-05 -4.533163386831055218e-05 8.752127795815842052e-05 8.176615526890066861e-06 -5.948877240712505468e-04 3.018565135784461736e-05 -3.370536452337633102e-05 7.823367492862642316e-05 -7.162835494305568637e-05 -8.022148165604041327e-05 -1.569174737049157021e-05 4.750599354275428725e-05
-3.743079092710926704e-05 3.720629908942900041e-04 3.255797877461322730e-03 9.990054871341809140e-01 9.075725475245476070e-02 6.198226910657432206e-05 9.061502786980576768e-04 -1.475802386695348122e-04 -4.593446691294706752e-04 3.998835744327553974e-04 5.311794098399488752e-04 1.807258063846402024e-04 1.815991162586756539e-04 1.082321687448556705e-04 -9.875107494240571368e-04 2.466603703570155633e-04 -3.612249550101601417e-04 2.703260552101464996e-04 2.918514054064466753e-04 3.302247034470373837e-04 -1.130164410138938914e-04
4.418952370071674014e-04 -4.403673413918947956e-05 4.190215558913191942e-04 2.684611729865057656e-04 3.584564376241972661e-01 -1.628601423203821682e-07 1.619275608029588365e-04 -3.747224301673993357e-04 2.381265919228030869e-05 1.186003643510744876e-05 -3.698785105115615302e-05 -1.443962595607143707e-04 -2.933465047493626134e-05 8.456563513879869609e-06 -1.165537347432380328e-04 -2.949387337847408290e-04 3.538283727674901215e-05 -1.104659941918609376e-04 -4.875047944213480272e-04 -7.610593026989905397e-05 -1.322508031602345161e-04
-3.097130188833538726e-05 -1.204341640807210620e-04 1.036902088899185025e-03 7.682844921044010029e-04 -3.882261956311841566e-01 1.000008726476174781e+00 -3.894133281157720512e-03 -4.768952866549137047e-03 1.147274987680802806e-03 -2.142778519236554491e-03 -2.846801012610714597e-04 -4.154175644293800138e-03 -4.098537487544074418e-04 1.810528614173826214e-03 -2.465051468584405684e-05 -1.325651121765051340e-03 4.078341078413390069e-05 1.514484251583146320e-04 -9.126288157812315928e-04 -6.111126743976133015e-04 -4.472773471003675932e-04
-4.371186109975803286e-02 -3.532031550823619068e-03 -4.336979445752300183e-02 -2.766926108857582778e-02 -4.420937867054875881e+01 2.591920682878197293e-05 -1.011467882410129332e-01 1.589979315644676205e-01 -1.099019582508289905e-02 -6.549853729002261260e-02 -2.268674383202451406e-02 -4.307642347975609853e-02 -7.881688669609389179e-04 -4.138951342986801375e-03 2.109471575574383209e-02 6.190797201448313379e-03 -8.989981653993440319e-03 8.889962696993818081e-03 3.967891606853608810e-02 -3.560788128895084337e-03 7.302786509262330569e-04
-1.113803495307068758e-04 9.429308559024107347e-03 -8.857823409962140102e-04 -2.144215338501858151e-02 1.004670423572716764e+01 3.728684803184370371e-05 1.001484984991056065e-01 4.933695559282555987e-01 -2.942096215843072529e-02 1.608318698241420833e-02 -4.440033089681665046e-02 9.220565795450864910e-02 1.174253692612082589e-03 -8.937224189580801614e-02 -1.002443035090424921e-02 -1.069744422408845652e-02 -1.344171987915632888e-02 -7.129810564987347369e-04 1.577641866433615245e-02 -2.271600631222526340e-02 -8.963470808161871917e-03
5.689519951544843657e-04 -1.390227701881530120e-04 -8.569696006367028777e-04 3.843159246002319281e-03 1.628921568266845199e+00 2.930723109388273071e-05 1.581992392779214482e-02 3.094262371304407760e-02 1.410696328620029416e-01 1.976811701731204934e-02 1.529936498080324177e-02 -1.107223047745635978e-02 -5.332050086435039101e-04 4.248357764406483078e-02 -1.510875134342533517e-02 4.073269144405353842e-02 -7.261861319927194469e-02 -9.198045252174009284e-03 8.079264169966831471e-03 1.578221999020553226e-02 -1.386576627823158520e-02
-2.257064041027696030e-03 -3.180089056156005720e-03 5.031010104744998955e-03 -2.776595387525358088e-02 -3.731005611620615281e-01 -2.209956280343194901e-04 7.203573734374640533e-03 -3.096021690024503004e-01 3.069270282369858382e-02 -1.325291617332258198e-01 -1.255038956960040711e-02 -4.419001691107174445e-02 -1.746125717301395472e-02 3.832602581249437007e-02 -9.839833460575993229e-02 -2.004356910980255868e-01 3.282453995250815548e-02 -7.649244277187076946e-02 -5.039296961914399020e-01 -2.436482912891983418e-02 -7.933479953722380462e-02
-1.936047771394440280e-03 -8.116690732636315953e-04 7.644761763751504666e-03 -1.983938099372629937e-02 -2.405030997394657977e+00 1.507719477552725746e-04 -2.328323820421742893e-02 -1.006202184214712303e-01 -1.053918631482721885e-01 -4.969719733172175274e-02 5.630264059482881223e-02 5.984372372930522183e-02 -7.698038581102489841e-03 -1.496239559188943524e-01 7.811443633035775047e-02 -7.021055455351866981e-02 -9.954086351905140628e-02 -2.373961756482154128e-02 1.609521230468652711e-02 -1.924519913599477550e-01 -6.282897731177117251e-02
8.982439769287357280e-05 1.099861390967054736e-01 6.846254552620245973e-03 7.301750453097646809e-02 1.141513461115408603e+02 2.292662055930746524e-04 1.140035971156569961e+00 -3.006860558829282850e-03 2.062051503270441021e-03 5.216587083328859675e-01 1.370833002777713250e-01 8.710465515660716918e-01 -4.637070553685579237e-03 6.797178621240897341e-03 1.922399517442769171e-02 1.684041626690569449e-01 -1.688067103759740293e-03 3.857251982229765314e-02 3.259349424011686036e-01 6.923394363115965844e-02 9.201011176662207691e-02
2.385545332048490141e-04 -1.666977935821796833e-03 -1.797661519154207868e-02 -1.410121844463592226e-02 2.875504492074125729e-01 -5.022338963729832588e-04 3.001251476769549540e-03 -2.929127206668383047e-03 -1.981087644508850928e-02 -9.611573593533057763e-03 -1.737368632961432471e-02 9.562549164732625159e-03 6.151527332691554273e-01 1.123718303866318505e-02 -4.003158709918824137e-02 -1.585886759656138234e-02 -2.006688266449054708e-02 3.438501910917516474e-02 -5.773243710145570771e-03 -1.467160106561546384e-02 -1.836696600792333406e-02
4.262461303451115738e-04 -1.327830565689535301e-02 -1.449496882678755726e-02 6.434905084566662492e-02 -1.308352162036547917e+01 -4.834569964798195044e-04 -1.303957172803045794e-01 3.991249623400646152e-01 3.966330564076955834e-02 -3.841808417114552648e-02 8.104085159716117870e-02 -1.369574442997927022e-01 -2.310774389459735109e-03 9.495754573937659204e-01 -7.352442733913082049e-04 -1.209794736168589777e-03 1.961014660335821252e-02 -2.506654057697300583e-03 -3.635447513645501810e-02 4.512141725078831767e-02 -8.659322586812186195e-03
-6.855784033284300629e-04 4.563593075614024060e-03 5.308892681891821258e-02 -6.222814046623517670e-02 -1.150390237741968136e+00 1.419481287119817936e-03 -1.207679252451485281e-02 4.517408109614200196e-02 -5.090460006660673525e-02 7.870841256973022670e-02 -4.948532244520330303e-02 1.383817642126464187e-02 -7.843593679113013487e-03 -3.858106028389440140e-02 8.243674723616187805e-01 5.212121034089769317e-02 -3.166044912098741476e-02 -2.503945745174537482e-02 6.020916008016725246e-02 -2.925661274640325646e-02 7.529971093565654416e-02
7.406535099558233083e-04 -4.048099594359502729e-02 -3.569462571567221312e-03 6.980637457045933691e-03 -4.087270161721949790e+01 -7.613495407614001814e-05 -4.107513455109025324e-01 -5.763319605649980075e-03 8.034856902886580721e-02 -5.756893428540126312e-01 6.414366385965256101e-02 -4.824962387264908892e-01 5.167099269061355138e-02 3.987382192679071041e-02 -2.233587498487913173e-02 3.025983319944389183e-01 6.300522221147461521e-02 -1.556329365940706602e-02 -5.685703670767939810e-01 4.885333165057069438e-02 -1.135461872219235419e-01
-7.683498204220169832e-04 -5.378687644061769246e-03 2.053598299264533956e-03 1.243948441620447605e-02 -4.567136697115602217e+00 -3.095001776958775585e-05 -4.491089998365499492e-02 -2.419355687924435241e-02 3.416763293447611649e-01 -5.006274345618985655e-02 -7.051180565514336696e-02 -1.394912686592980275e-02 -1.916067046923637315e-02 -3.243423901737770704e-02 1.830178175565398604e-03 -4.202910952189072014e-02 5.283739718572525446e-01 -2.858167699847287066e-02 -2.884569346988027916e-02 -5.611818333619310317e-02 2.248016141039505672e-02
-1.881965779516217672e-04 4.280345308022525525e-03 2.538443032991288990e-03 -7.396000875293446027e-03 -3.262185508968580727e+00 6.726002622355952765e-05 -3.299363165226709693e-02 -7.133919566315417848e-02 -9.589279647113023441e-02 -2.750437051148562143e-02 -2.230607182616920620e-02 6.820815545569879242e-03 8.091790724655918698e-02 -7.181531297934690139e-02 9.678838867931650880e-02 -1.721708570610627764e-02 -1.067372515357864204e-01 4.430862824973072489e-01 -1.366300073392727986e-02 -2.213665194024821634e-02 2.992761948216792617e-02
1.371569185019068209e-03 1.671521585827850584e-02 -4.027954405184177265e-03 1.516240958955081264e-02 1.546589852611727700e+01 1.847930876434593210e-04 1.462380631433954636e-01 1.950900983997689297e-01 -6.444148439144770091e-02 7.606034700815190730e-01 -8.543925247293628067e-02 2.731194620836412956e-01 -5.767393161242402241e-03 -5.786389809383263305e-02 8.110051259459358231e-02 1.614072026828679562e-01 -5.743190416056091069e-02 6.208583783592080962e-02 1.204604594685290797e+00 -3.015716651724489189e-02 8.411315513512233888e-02
2.721798095031393444e-03 1.232412564832990713e-02 -8.006536530217382014e-03 6.522363323744377606e-02 7.035176496459184747e+00 -1.150289482318313358e-04 6.823404251837980605e-02 1.610716244982704493e-01 7.847423554780762200e-02 4.802750983474084884e-02 7.286155587662384026e-01 -8.733524053447916380e-02 9.633379177728928003e-03 1.962507226426707940e-01 -1.103848076006078288e-01 7.289034761017793018e-02 9.264200249617872418e-02 7.800762066535936456e-02 -6.257226611592164867e-02 9.100126809449576859e-01 -2.034901184602866397e-03
3.059624648908965128e-04 9.486905578737214739e-05 -8.850795253277254915e-03 -7.019193000331647170e-02 1.303801060790306110e+00 -1.579085176224293008e-04 1.216712434815314658e-02 -6.624662202840903014e-02 1.101590864877832754e-01 8.436763789891554843e-03 -1.339897196524253431e-01 3.773154409200518700e-02 9.023677251907502583e-03 -1.656015191492721250e-03 4.070879662245080466e-02 1.475181727804697474e-04 7.900380497506687139e-02 -2.779519477699193830e-02 5.337391381821876557e-03 -1.326539064104569343e-01 5.918816352553794014e-01
